debug now
1 2 8 4 6 
3 8 6 6 8 
8 3 2 5 6 
8 7 4 9 6 
3 0 0 0 5 
3 8 3 2 4 
1 5 8 6 3 
4 1 6 7 9 
1 7 7 1 3 

debug ext
1 0 0 0 6 
3 2 8 4 8 
8 8 6 6 6 
8 3 2 5 6 
3 7 4 9 5 
3 8 3 2 4 
1 5 8 6 3 
4 1 6 7 9 
1 7 7 1 3 

debug now
1 0 0 0 6 
3 2 8 4 8 
8 8 0 0 0 
8 3 2 5 6 
3 7 4 9 5 
3 8 3 2 4 
1 5 8 6 3 
4 1 6 7 9 
1 7 7 1 3 

debug ext
1 0 0 0 0 
3 2 0 0 6 
8 8 8 4 8 
8 3 2 5 6 
3 7 4 9 5 
3 8 3 2 4 
1 5 8 6 3 
4 1 6 7 9 
1 7 7 1 3 

debug now
1 0 0 0 0 
3 2 0 0 6 
0 0 0 0 0 
8 3 2 5 6 
3 7 4 9 5 
3 8 3 2 4 
1 5 8 6 3 
4 1 6 7 9 
1 7 7 1 3 

debug ext
0 0 0 0 0 
1 0 0 0 0 
3 2 0 0 6 
8 3 2 5 6 
3 7 4 9 5 
3 8 3 2 4 
1 5 8 6 3 
4 1 6 7 9 
1 7 7 1 3 

debug now
0 0 0 0 0 
1 0 0 0 0 
3 2 0 0 6 
8 3 2 5 6 
3 7 4 9 5 
3 8 3 2 4 
1 5 8 6 3 
4 1 6 7 9 
1 7 7 1 3 

77
